0.01498
0.01527
0.01556
0.01586
0.01616
0.01647
0.01678
0.01710
0.01742
0.01775
0.01809
0.01844
0.01879
0.01914
0.01951
0.01988
0.02026
0.02064
0.02104
0.02144
0.02184
0.02226
0.02268
0.02311
0.02355
0.02400
0.02446
0.02492
0.02540
0.02588
0.02637
0.02688
0.02739
0.02791
0.02844
0.02898
0.02953
0.03009
0.03066
0.03125
0.03184
0.03245
0.03306
0.03369
0.03433
0.03499
0.03565
0.03633
0.03702
0.03773
0.03844
0.03918
0.03992
0.04068
0.04145
0.04224
0.04305
0.04386
0.04470
0.04555
0.04641
0.04730
0.04820
0.04911
0.05005
0.05100
0.05197
0.05296
0.05397
0.05499
0.05604
0.05710
0.05819
0.05930
0.06042
0.06157
0.06274
0.06394
0.06515
0.06639
0.06766
0.06894
0.07025
0.07159
0.07295
0.07434
0.07575
0.07719
0.07866
0.08016
0.08168
0.08323
0.08482
0.08643
0.08807
0.08975
0.09146
0.09320
0.09497
0.09677
0.09862
0.1004
0.1024
0.1043
0.1063
0.1083
0.1104
0.1125
0.1146
0.1168
0.1190
0.1213
0.1236
0.1259
0.1283
0.1308
0.1333
0.1358
0.1384
0.1410
0.1437
0.1464
0.1492
0.1521
0.1549
0.1579
0.1609
0.1640
0.1671
0.1703
0.1735
0.1768
0.1802
0.1836
0.1871
0.1906
0.1943
0.1980
0.2017
0.2056
0.2095
0.2135
0.2175
0.2217
0.2259
0.2302
0.2345
0.2390
0.2436
0.2482
0.2529
0.2577
0.2626
0.2676
0.2727
0.2779
0.2832
0.2886
0.2941
0.2996
0.3053
0.3112
0.3171
0.3231
0.3293
0.3355
0.3419
0.3484
0.3550
0.3618
0.3687
0.3757
0.3828
0.3901
0.3975
0.4051
0.4128
0.4206
0.4286
0.4368
0.4451
0.4536
0.4622
0.4710
0.4799
0.4891
0.4984
0.5078
0.5175
0.5273
0.5374
0.5476
0.5580
0.5686
0.5794
0.5905
0.6017
0.6131
0.6248
0.6367
0.6488
0.6611
0.6737
0.6865
0.6996
0.7129
0.7264
0.7402
0.7543
0.7687
0.7833
0.7982
0.8134
0.8288
0.8446
0.8607
0.8770
0.8937
0.9107
0.9280
0.9457
0.9637
0.9820
1.000
1.019
1.039
1.058
1.079
1.099
1.120
1.141
1.163
1.185
1.208
1.231
1.254
1.278
1.302
1.327
1.352
1.378
1.404
1.431
1.458
1.486
1.514
1.543
1.572
1.602
1.633
1.664
1.695
1.728
1.760
1.818
1.877
1.939
2.002
2.067
2.135
2.204
2.276
2.351
2.427
2.507
2.588
2.673
2.760
2.850
2.943
3.039
3.139
