0.00002500
0.00002545
0.00002592
0.00002640
0.00002689
0.00002738
0.00002788
0.00002840
0.00002892
0.00002945
0.00002999
0.00003055
0.00003111
0.00003168
0.00003226
0.00003286
0.00003346
0.00003408
0.00003470
0.00003534
0.00003599
0.00003666
0.00003733
0.00003802
0.00003872
0.00003943
0.00004016
0.00004089
0.00004165
0.00004241
0.00004319
0.00004399
0.00004480
0.00004562
0.00004646
0.00004732
0.00004819
0.00004907
0.00004998
0.00005090
0.00005183
0.00005279
0.00005376
0.00005475
0.00005575
0.00005678
0.00005782
0.00005889
0.00005997
0.00006107
0.00006220
0.00006334
0.00006451
0.00006569
0.00006690
0.00006813
0.00006939
0.00007066
0.00007197
0.00007329
0.00007464
0.00007601
0.00007741
0.00007883
0.00008028
0.00008176
0.00008327
0.00008480
0.00008636
0.00008795
0.00008956
0.00009121
0.00009289
0.00009460
0.00009634
0.00009811
0.00009992
0.0001017
0.0001036
0.0001055
0.0001074
0.0001094
0.0001114
0.0001135
0.0001156
0.0001177
0.0001199
0.0001221
0.0001243
0.0001266
0.0001289
0.0001313
0.0001337
0.0001362
0.0001387
0.0001412
0.0001438
0.0001465
0.0001492
0.0001519
0.0001547
0.0001576
0.0001605
0.0001634
0.0001664
0.0001695
0.0001726
0.0001758
0.0001790
0.0001823
0.0001857
0.0001891
0.0001926
0.0001961
0.0001997
0.0002034
0.0002071
0.0002109
0.0002148
0.0002188
0.0002228
0.0002269
0.0002311
0.0002353
0.0002397
0.0002441
0.0002486
0.0002531
0.0002578
0.0002625
0.0002674
0.0002723
0.0002773
0.0002824
0.0002876
0.0002929
0.0002983
0.0003038
0.0003094
0.0003151
0.0003209
0.0003268
0.0003328
0.0003389
0.0003451
0.0003515
0.0003580
0.0003645
0.0003712
0.0003781
0.0003850
0.0003921
0.0003993
0.0004067
0.0004142
0.0004218
0.0004295
0.0004375
0.0004455
0.0004537
0.0004620
0.0004705
0.0004792
0.0004880
0.0004970
0.0005061
0.0005155
0.0005249
0.0005346
0.0005444
0.0005545
0.0005647
0.0005750
0.0005856
0.0005964
0.0006074
0.0006186
0.0006299
0.0006415
0.0006533
0.0006653
0.0006776
0.0006901
0.0007028
0.0007157
0.0007289
0.0007423
0.0007559
0.0007698
0.0007840
0.0007984
0.0008131
0.0008281
0.0008433
0.0008588
0.0008746
0.0008907
0.0009071
0.0009238
0.0009408
0.0009581
0.0009757
0.0009937
0.001012
0.001030
0.001049
0.001068
0.001088
0.001108
0.001128
0.001149
0.001170
0.001192
0.001214
0.001236
0.001259
0.001282
0.001306
0.001330
0.001354
0.001379
0.001405
0.001430
0.001457
0.001484
0.001511
0.001539
0.001567
0.001596
0.001625
0.001655
0.001686
0.001717
0.001748
0.001780
0.001813
0.001846
0.001880
0.001915
0.001950
0.001986
0.002023
0.002060
0.002098
0.002136
0.002176
0.002216
0.002257
0.002298
0.002340
0.002383
0.002427
0.002472
0.002518
0.002565
0.002613
0.002662
0.002712
0.002763
0.002815
0.002868
0.002921
0.002976
0.003032
0.003089
0.003147
0.003206
0.003266
0.003328
0.003390
0.003454
0.003518
