7.498E-9
7.770E-9
8.051E-9
8.343E-9
8.645E-9
8.958E-9
9.283E-9
9.619E-9
9.967E-9
1.032E-8
1.070E-8
1.109E-8
1.149E-8
1.190E-8
1.233E-8
1.278E-8
1.324E-8
1.372E-8
1.422E-8
1.474E-8
1.527E-8
1.582E-8
1.640E-8
1.699E-8
1.761E-8
1.824E-8
1.890E-8
1.959E-8
2.030E-8
2.103E-8
2.180E-8
2.258E-8
2.340E-8
2.425E-8
2.513E-8
2.604E-8
2.698E-8
2.796E-8
2.897E-8
3.002E-8
3.111E-8
3.224E-8
3.340E-8
3.461E-8
3.587E-8
3.717E-8
3.851E-8
3.991E-8
4.135E-8
4.285E-8
4.440E-8
4.601E-8
4.768E-8
4.940E-8
5.119E-8
5.305E-8
5.497E-8
5.696E-8
5.902E-8
6.116E-8
6.337E-8
6.567E-8
6.804E-8
7.051E-8
7.306E-8
7.571E-8
7.845E-8
8.129E-8
8.424E-8
8.729E-8
9.045E-8
9.372E-8
9.712E-8
1.006E-7
1.042E-7
1.080E-7
1.119E-7
1.160E-7
1.202E-7
1.245E-7
1.290E-7
1.337E-7
1.386E-7
1.436E-7
1.488E-7
1.542E-7
1.598E-7
1.655E-7
1.715E-7
1.778E-7
1.842E-7
1.909E-7
1.978E-7
2.049E-7
2.124E-7
2.201E-7
2.280E-7
2.363E-7
2.448E-7
2.537E-7
2.629E-7
2.724E-7
2.823E-7
2.925E-7
3.031E-7
3.141E-7
3.255E-7
3.373E-7
3.495E-7
3.621E-7
3.752E-7
3.888E-7
4.029E-7
4.175E-7
4.326E-7
4.483E-7
4.645E-7
4.814E-7
4.988E-7
5.169E-7
5.356E-7
5.550E-7
5.751E-7
5.959E-7
6.175E-7
6.398E-7
6.630E-7
6.870E-7
7.119E-7
7.377E-7
7.644E-7
7.921E-7
8.208E-7
8.505E-7
8.813E-7
9.132E-7
9.463E-7
9.805E-7
0.000001016
0.000001052
0.000001091
0.000001130
0.000001171
0.000001213
0.000001257
0.000001303
0.000001350
0.000001399
0.000001450
0.000001502
0.000001557
0.000001613
0.000001671
0.000001732
0.000001795
0.000001860
0.000001927
0.000001997
0.000002069
0.000002144
0.000002222
0.000002302
0.000002386
0.000002472
0.000002562
0.000002654
0.000002751
0.000002850
0.000002953
0.000003060
0.000003171
0.000003286
0.000003405
0.000003528
0.000003656
0.000003789
0.000003926
0.000004068
0.000004215
0.000004368
0.000004526
0.000004690
0.000004860
0.000005036
0.000005218
0.000005407
0.000005603
0.000005806
0.000006016
0.000006234
0.000006460
0.000006694
0.000006936
0.000007188
0.000007448
0.000007718
0.000007997
0.000008287
0.000008587
0.000008898
0.000009220
0.000009554
0.000009900
0.00001025
0.00001063
0.00001101
0.00001141
0.00001182
0.00001225
0.00001269
0.00001315
0.00001363
0.00001413
0.00001464
0.00001517
0.00001572
0.00001629
0.00001688
0.00001749
0.00001812
0.00001878
0.00001946
0.00002016
0.00002089
0.00002165
0.00002243
0.00002325
0.00002409
0.00002496
0.00002586
0.00002680
0.00002777
0.00002878
0.00002982
0.00003090
0.00003202
0.00003318
0.00003438
0.00003562
0.00003692
0.00003825
0.00003964
0.00004107
0.00004256
0.00004410
0.00004570
0.00004735
0.00004907
0.00005085
0.00005269
0.00005460
0.00005657
0.00005862
0.00006075
0.00006310
0.00006554
0.00006808
0.00007072
0.00007346
0.00007630
0.00007926
0.00008233
0.00008552
0.00008883
0.00009227
0.00009585
0.00009956
0.0001034
0.0001074
0.0001115
0.0001159
0.0001204
