0.0000150000
0.0000152882
0.0000155819
0.0000158813
0.0000161864
0.0000164974
0.0000168144
0.0000171374
0.0000174667
0.0000178023
0.0000181444
0.0000184930
0.0000188483
0.0000192104
0.0000195795
0.0000199557
0.0000203391
0.0000207299
0.0000211282
0.0000215342
0.0000219479
0.0000223696
0.0000227994
0.0000232375
0.0000236839
0.0000241390
0.0000246028
0.0000250755
0.0000255573
0.0000260483
0.0000265488
0.0000270589
0.0000275788
0.0000281087
0.0000286487
0.0000291992
0.0000297602
0.0000303320
0.0000309148
0.0000315087
0.0000321141
0.0000327312
0.0000333600
0.0000340010
0.0000346543
0.0000353201
0.0000359987
0.0000366904
0.0000373953
0.0000381138
0.0000388461
0.0000395925
0.0000403532
0.0000411285
0.0000419187
0.0000427242
0.0000435450
0.0000443817
0.0000452344
0.0000461035
0.0000469893
0.0000478922
0.0000488123
0.0000497502
0.0000507061
0.0000516803
0.0000526732
0.0000536853
0.0000547168
0.0000557681
0.0000568396
0.0000579316
0.0000590447
0.0000601792
0.0000613354
0.0000625139
0.0000637150
0.0000649392
0.0000661869
0.0000674586
0.0000687547
0.0000700757
0.0000714221
0.0000727943
0.0000741930
0.0000756185
0.0000770714
0.0000785522
0.0000800614
0.0000815997
0.0000831675
0.0000847654
0.0000863941
0.0000880540
0.0000897458
0.0000914701
0.0000932276
0.0000950188
0.0000968445
0.0000987052
0.000100601
0.000102534
0.000104504
0.000106512
0.000108559
0.000110644
0.000112770
0.000114937
0.000117145
0.000119396
0.000121690
0.000124028
0.000126411
0.000128840
0.000131315
0.000133838
0.000136410
0.000139031
0.000141702
0.000144425
0.000147200
0.000150028
0.000152910
0.000155848
0.000158843
0.000161895
0.000165005
0.000168176
0.000171407
0.000174700
0.000178057
0.000181478
0.000184965
0.000188518
0.000192140
0.000195832
0.000199595
0.000203430
0.000207338
0.000211322
0.000215382
0.000219520
0.000223738
0.000228037
0.000232418
0.000236884
0.000241435
0.000246074
0.000250802
0.000255621
0.000260532
0.000265538
0.000270640
0.000275840
0.000281140
0.000286541
0.000292047
0.000297658
0.000303377
0.000309206
0.000315147
0.000321202
0.000327373
0.000333663
0.000340074
0.000346608
0.000353268
0.000360055
0.000366973
0.000374024
0.000381210
0.000388535
0.000396000
0.000403608
0.000411363
0.000419267
0.000427322
0.000435533
0.000443901
0.000452429
0.000461122
0.000469982
0.000479012
0.000488215
0.000497596
0.000507156
0.000516900
0.000526832
0.000536954
0.000547271
0.000557786
0.000568503
0.000579426
0.000590559
0.000601905
0.000613470
0.000625257
0.000637270
0.000649514
0.000661994
0.000674713
0.000687676
0.000700889
0.000714356
0.000728081
0.000742070
0.000756327
0.000770859
0.000785670
0.000800765
0.000816151
0.000831832
0.000847814
0.000864104
0.000880706
0.000897628
0.000914874
0.000932452
0.000950368
0.000968627
0.000987238
0.00100620
0.00102553
0.00104524
0.00106532
0.00108579
0.00110665
0.00112791
0.00114959
0.00117167
0.00119419
0.00121713
0.00124052
0.00126435
0.00128864
0.00131340
0.00133864
0.00136436
0.00139057
0.00141729
0.00144452
0.00147227
0.00150056
0.00152939
0.00155878
0.00158873
0.00161925
0.00165036
0.00168207
0.00171439
0.00174733
0.00178090
0.00181512
0.00185000
0.00188327
0.00191715
0.00195164
0.00198674
0.00202248
0.00205886
0.00209590
0.00213360
0.00217198
0.00221105
0.00225082
0.00229131
0.00233252
0.00237448
0.00241719
0.00246067
0.00250494
0.00254999
