0.0000100000
0.0000101957
0.0000103953
0.0000105989
0.0000108064
0.0000110179
0.0000112336
0.0000114536
0.0000116778
0.0000119064
0.0000121395
0.0000123772
0.0000126195
0.0000128665
0.0000131184
0.0000133753
0.0000136371
0.0000139041
0.0000141763
0.0000144539
0.0000147368
0.0000150254
0.0000153195
0.0000156194
0.0000159252
0.0000162370
0.0000165549
0.0000168790
0.0000172094
0.0000175464
0.0000178899
0.0000182401
0.0000185972
0.0000189613
0.0000193325
0.0000197110
0.0000200969
0.0000204904
0.0000208915
0.0000213005
0.0000217175
0.0000221427
0.0000225762
0.0000230182
0.0000234689
0.0000239283
0.0000243968
0.0000248744
0.0000253614
0.0000258579
0.0000263641
0.0000268803
0.0000274066
0.0000279431
0.0000284902
0.0000290479
0.0000296166
0.0000301965
0.0000307876
0.0000313904
0.0000320049
0.0000326315
0.0000332704
0.0000339217
0.0000345858
0.0000352629
0.0000359533
0.0000366572
0.0000373748
0.0000381065
0.0000388526
0.0000396132
0.0000403888
0.0000411795
0.0000419857
0.0000428076
0.0000436457
0.0000445002
0.0000453714
0.0000462597
0.0000471653
0.0000480887
0.0000490302
0.0000499901
0.0000509688
0.0000519666
0.0000529840
0.0000540213
0.0000550789
0.0000561572
0.0000572566
0.0000583776
0.0000595205
0.0000606858
0.0000618738
0.0000630852
0.0000643202
0.0000655795
0.0000668634
0.0000681724
0.0000695070
0.0000708678
0.0000722553
0.0000736698
0.0000751121
0.0000765826
0.0000780819
0.0000796106
0.0000811692
0.0000827583
0.0000843785
0.0000860304
0.0000877147
0.0000894320
0.0000911828
0.0000929680
0.0000947881
0.0000966438
0.0000985358
0.000100464
0.000102431
0.000104437
0.000106481
0.000108566
0.000110691
0.000112859
0.000115068
0.000117321
0.000119618
0.000121960
0.000124347
0.000126782
0.000129264
0.000131794
0.000134375
0.000137005
0.000139688
0.000142422
0.000145211
0.000148054
0.000150952
0.000153907
0.000156921
0.000159993
0.000163125
0.000166319
0.000169575
0.000172895
0.000176280
0.000179731
0.000183249
0.000186837
0.000190495
0.000194224
0.000198027
0.000201904
0.000205856
0.000209887
0.000213996
0.000218185
0.000222457
0.000226812
0.000231252
0.000235780
0.000240396
0.000245102
0.000249901
0.000254793
0.000259781
0.000264867
0.000270053
0.000275340
0.000280730
0.000286226
0.000291830
0.000297543
0.000303369
0.000309308
0.000315363
0.000321537
0.000327832
0.000334251
0.000340794
0.000347466
0.000354269
0.000361205
0.000368276
0.000375486
0.000382837
0.000390332
0.000397974
0.000405766
0.000413709
0.000421809
0.000430067
0.000438487
0.000447071
0.000455824
0.000464748
0.000473846
0.000483123
0.000492582
0.000502225
0.000512058
0.000522082
0.000532304
0.000542725
0.000553350
0.000564183
0.000575229
0.000586490
0.000597972
0.000609679
0.000621615
0.000633785
0.000646193
0.000658844
0.000671743
0.000684894
0.000698302
0.000711974
0.000725912
0.000740124
0.000754614
0.000769387
0.000784450
0.000799808
0.000815466
0.000831431
0.000847708
0.000864305
0.000881226
0.000898478
0.000916068
0.000934002
0.000952288
0.000970931
0.000989940
0.00100932
0.00102908
0.00104922
0.00106976
0.00109071
0.00111206
0.00113383
0.00115603
0.00117866
0.00120174
0.00122527
0.00124925
0.00127371
0.00129865
0.00132407
0.00135000
0.00137980
0.00141026
0.00144139
0.00147321
0.00150573
0.00153897
0.00157295
0.00160767
0.00164316
0.00167944
0.00171651
0.00175441
0.00179314
0.00183272
0.00187318
0.00191453
0.00195680
0.00200000
