0.00152095491     -0.00101228365    0
-0.00152095491     0.00101228365    0
0.101520954     -0.00101228365    1
0.0984790450     0.00101228365    1
0.201520954     -0.00101228365    2
0.198479045     0.00101228365    2
0.301520954     -0.00101228365    3
0.298479045     0.00101228365    3
0.401520954     -0.00101228365    4
0.398479045     0.00101228365    4
0.501520954     -0.00101228365    5
0.498479045     0.00101228365    5
0.601520954     -0.00101228365    6
0.598479045     0.00101228365    6
0.701520954     -0.00101228365    7
0.698479045     0.00101228365    7
0.801520954     -0.00101228365    8
0.798479045     0.00101228365    8
0.901520954     -0.00101228365    9
0.898479045     0.00101228365    9
0.0512710929     0.0989877163    10
0.0482291830     0.101012283    10
0.151271092     0.0989877163    11
0.148229183     0.101012283    11
0.251271092     0.0989877163    12
0.248229183     0.101012283    12
0.351271092     0.0989877163    13
0.348229183     0.101012283    13
0.451271092     0.0989877163    14
0.448229183     0.101012283    14
0.551271092     0.0989877163    15
0.548229183     0.101012283    15
0.651271092     0.0989877163    16
0.648229183     0.101012283    16
0.751271092     0.0989877163    17
0.748229183     0.101012283    17
0.851271092     0.0989877163    18
0.848229183     0.101012283    18
0.951271092     0.0989877163    19
0.948229183     0.101012283    19
0.101021230     0.198987716    20
0.0979793210     0.201012283    20
0.201021230     0.198987716    21
0.197979321     0.201012283    21
0.301021230     0.198987716    22
0.297979321     0.201012283    22
0.401021230     0.198987716    23
0.397979321     0.201012283    23
0.501021230     0.198987716    24
0.497979321     0.201012283    24
0.601021230     0.198987716    25
0.597979321     0.201012283    25
0.701021230     0.198987716    26
0.697979321     0.201012283    26
0.801021230     0.198987716    27
0.797979321     0.201012283    27
0.901021230     0.198987716    28
0.897979321     0.201012283    28
1.00102123     0.198987716    29
0.997979321     0.201012283    29
0.150771368     0.298987716    30
0.147729459     0.301012283    30
0.250771368     0.298987716    31
0.247729459     0.301012283    31
0.350771368     0.298987716    32
0.347729459     0.301012283    32
0.450771368     0.298987716    33
0.447729459     0.301012283    33
0.550771368     0.298987716    34
0.547729459     0.301012283    34
0.650771368     0.298987716    35
0.647729459     0.301012283    35
0.750771368     0.298987716    36
0.747729459     0.301012283    36
0.850771368     0.298987716    37
0.847729459     0.301012283    37
0.950771368     0.298987716    38
0.947729459     0.301012283    38
1.05077136     0.298987716    39
1.04772945     0.301012283    39
0.200521506     0.398987716    40
0.197479597     0.401012283    40
0.300521506     0.398987716    41
0.297479597     0.401012283    41
0.400521506     0.398987716    42
0.397479597     0.401012283    42
0.500521506     0.398987716    43
0.497479597     0.401012283    43
0.600521506     0.398987716    44
0.597479597     0.401012283    44
0.700521506     0.398987716    45
0.697479597     0.401012283    45
0.800521506     0.398987716    46
0.797479597     0.401012283    46
0.900521506     0.398987716    47
0.897479597     0.401012283    47
1.00052150     0.398987716    48
0.997479597     0.401012283    48
1.10052150     0.398987716    49
1.09747959     0.401012283    49
0.250271644     0.498987716    50
0.247229735     0.501012283    50
0.350271644     0.498987716    51
0.347229735     0.501012283    51
0.450271644     0.498987716    52
0.447229735     0.501012283    52
0.550271644     0.498987716    53
0.547229735     0.501012283    53
0.650271644     0.498987716    54
0.647229735     0.501012283    54
0.750271644     0.498987716    55
0.747229735     0.501012283    55
0.850271644     0.498987716    56
0.847229735     0.501012283    56
0.950271644     0.498987716    57
0.947229735     0.501012283    57
1.05027164     0.498987716    58
1.04722973     0.501012283    58
1.15027164     0.498987716    59
1.14722973     0.501012283    59
0.300021782     0.598987716    60
0.296979873     0.601012283    60
0.400021782     0.598987716    61
0.396979873     0.601012283    61
0.500021782     0.598987716    62
0.496979873     0.601012283    62
0.600021782     0.598987716    63
0.596979873     0.601012283    63
0.700021782     0.598987716    64
0.696979873     0.601012283    64
0.800021782     0.598987716    65
0.796979873     0.601012283    65
0.900021782     0.598987716    66
0.896979873     0.601012283    66
1.00002178     0.598987716    67
0.996979873     0.601012283    67
1.10002178     0.598987716    68
1.09697987     0.601012283    68
1.20002178     0.598987716    69
1.19697987     0.601012283    69
0.349771920     0.698987716    70
0.346730011     0.701012283    70
0.449771920     0.698987716    71
0.446730011     0.701012283    71
0.549771920     0.698987716    72
0.546730011     0.701012283    72
0.649771920     0.698987716    73
0.646730011     0.701012283    73
0.749771920     0.698987716    74
0.746730011     0.701012283    74
0.849771920     0.698987716    75
0.846730011     0.701012283    75
0.949771920     0.698987716    76
0.946730011     0.701012283    76
1.04977192     0.698987716    77
1.04673001     0.701012283    77
1.14977192     0.698987716    78
1.14673001     0.701012283    78
1.24977192     0.698987716    79
1.24673001     0.701012283    79
0.399522058     0.798987716    80
0.396480149     0.801012283    80
0.499522058     0.798987716    81
0.496480149     0.801012283    81
0.599522058     0.798987716    82
0.596480149     0.801012283    82
0.699522058     0.798987716    83
0.696480149     0.801012283    83
0.799522058     0.798987716    84
0.796480149     0.801012283    84
0.899522058     0.798987716    85
0.896480149     0.801012283    85
0.999522058     0.798987716    86
0.996480149     0.801012283    86
1.09952205     0.798987716    87
1.09648014     0.801012283    87
1.19952205     0.798987716    88
1.19648014     0.801012283    88
1.29952205     0.798987716    89
1.29648014     0.801012283    89
0.449272196     0.898987716    90
0.446230287     0.901012283    90
0.549272196     0.898987716    91
0.546230287     0.901012283    91
0.649272196     0.898987716    92
0.646230287     0.901012283    92
0.749272196     0.898987716    93
0.746230287     0.901012283    93
0.849272196     0.898987716    94
0.846230287     0.901012283    94
0.949272196     0.898987716    95
0.946230287     0.901012283    95
1.04927219     0.898987716    96
1.04623028     0.901012283    96
1.14927219     0.898987716    97
1.14623028     0.901012283    97
1.24927219     0.898987716    98
1.24623028     0.901012283    98
1.34927219     0.898987716    99
1.34623028     0.901012283    99
