2.75
2.75702
2.76406
2.77112
2.77819
2.78529
2.79240
2.79953
2.80668
2.81385
2.82103
2.82824
2.83546
2.84270
2.84996
2.85724
2.86453
2.87185
2.87918
2.88654
2.89391
2.90130
2.90871
2.91613
2.92358
2.93105
2.93853
2.94604
2.95356
2.96110
2.96866
2.97624
2.98384
2.99146
2.99910
3.00676
3.01444
3.02214
3.02986
3.03759
3.04535
3.05313
3.06092
3.06874
3.07658
3.08443
3.09231
3.10021
3.10812
3.11606
3.12402
3.13200
3.14000
3.14000
3.14000
3.14000
3.14000
3.14000
3.14000
3.14000
3.14000
3.14000
3.14000
3.14000
3.14000
3.14000
3.14000
3.14000
