0.0100000
0.0103333
0.0106778
0.0110338
0.0114017
0.0117818
0.0121745
0.0125804
0.0129998
0.0134332
0.0138811
0.0143438
0.0148220
0.0153162
0.0158268
0.0163544
0.0168996
0.0174630
0.0180452
0.0186468
0.0192685
0.0199109
0.0205746
0.0212606
0.0219694
0.0227018
0.0234586
0.0242407
0.0250488
0.0258839
0.0267468
0.0276385
0.0285599
0.0295120
0.0304959
0.0315126
0.0325632
0.0336488
0.0347705
0.0359297
0.0371276
0.0383653
0.0396444
0.0409660
0.0423317
0.0437430
0.0452013
0.0467082
0.0482654
0.0498745
0.0515372
0.0532554
0.0550308
0.0568654
0.0587612
0.0607202
0.0627445
0.0648363
0.0669978
0.0692313
0.0715394
0.0739244
0.0763889
0.0789355
0.0815671
0.0842864
0.0870963
0.0900000
