0.0000250000
0.0000269135
0.0000289736
0.0000311914
0.0000335789
0.0000361492
0.0000389162
0.0000418950
0.0000451018
0.0000485540
0.0000522706
0.0000562716
0.0000605788
0.0000652158
0.0000702076
0.0000755816
0.0000813669
0.0000875951
0.0000943000
0.000101518
0.000109288
0.000117654
0.000126659
0.000136354
0.000146791
0.000158028
0.000170124
0.000183146
0.000197164
0.000212256
0.000228503
0.000245994
0.000264823
0.000285094
0.000306916
0.000330408
0.000355699
0.000382926
0.000412236
0.000443791
0.000477760
0.000514330
0.000553699
0.000596081
0.000641708
0.000690826
0.000743705
0.000800631
0.000861915
0.000927889
0.000998913
0.00107537
0.00115768
0.00124630
0.00134169
0.00144439
0.00155495
0.00167398
0.00180211
0.00194005
0.00208855
0.00224842
0.00242052
0.00260579
0.00280525
0.00301998
0.00325114
0.00350000
