0.0000250000
0.0000267787
0.0000286841
0.0000307250
0.0000329111
0.0000352528
0.0000377610
0.0000404478
0.0000433257
0.0000464084
0.0000497104
0.0000532473
0.0000570359
0.0000610941
0.0000654410
0.0000700972
0.0000750847
0.0000804271
0.0000861496
0.0000922792
0.0000988450
0.000105877
0.000113411
0.000121480
0.000130124
0.000139382
0.000149299
0.000159922
0.000171301
0.000183489
0.000196545
0.000210529
0.000225509
0.000241554
0.000258741
0.000277150
0.000296870
0.000317993
0.000340618
0.000364854
0.000390813
0.000418620
0.000448405
0.000480310
0.000514485
0.000551091
0.000590302
0.000632302
0.000677291
0.000725481
0.000777100
0.000832392
0.000891617
0.000955057
0.00102301
0.00109579
0.00117376
0.00125728
0.00134673
0.00144256
0.00154520
0.00165514
0.00177290
0.00189905
0.00203417
0.00217890
0.00233393
0.00249999
