0.0420000
0.0424804
0.0429664
0.0434580
0.0439551
0.0444580
0.0449666
0.0454810
0.0460013
0.0465276
0.0470599
0.0475983
0.0481428
0.0486935
0.0492506
0.0498140
0.0503839
0.0509603
0.0515433
0.0521330
0.0527294
0.0533326
0.0539428
0.0545599
0.0551841
0.0558154
0.0564539
0.0570998
0.0577530
0.0584137
0.0590820
0.0597579
0.0604415
0.0611330
0.0618323
0.0625397
0.0632552
0.0639788
0.0647108
0.0654511
0.0661998
0.0669572
0.0677232
0.0684979
0.0692816
0.0700742
0.0708758
0.0716866
0.0725068
0.0733362
0.0741752
0.0750238
0.0758821
0.0767502
0.0776282
0.0785163
0.0794145
0.0803231
0.0812420
0.0821714
0.0831115
0.0840623
0.0850239
0.0859966
0.0869805
0.0879755
0.0889820
0.0900000
