0.00800000
0.00844467
0.00891406
0.00940955
0.00993257
0.0104846
0.0110674
0.0116826
0.0123320
0.0130174
0.0137410
0.0145048
0.0153110
0.0161621
0.0170605
0.0180088
0.0190098
0.0200664
0.0211818
0.0223592
0.0236020
0.0249139
0.0262988
0.0277606
0.0293036
0.0309325
0.0326518
0.0344668
0.0363826
0.0384049
0.0405396
0.0427930
0.0451716
0.0476825
0.0503329
0.0531306
0.0560838
0.0592012
0.0624919
0.0659655
0.0696322
0.0735026
0.0775882
0.0819009
0.0864534
0.0912588
0.0963314
0.101686
0.107338
0.113304
0.119602
0.126250
0.133268
0.140675
0.148495
0.156749
0.165461
0.174659
0.184367
0.194615
0.205433
0.216851
0.228905
0.241629
0.255059
0.269237
0.284202
0.300000
