-1.07539867E-19     -0.00202795356    0
1.07539867E-19     0.00202795356    0
0.100000000     -0.00202795356    1
0.100000000     0.00202795356    1
0.200000000     -0.00202795356    2
0.200000000     0.00202795356    2
0.300000000     -0.00202795356    3
0.300000000     0.00202795356    3
0.400000000     -0.00202795356    4
0.400000000     0.00202795356    4
0.5     -0.00202795356    5
0.5     0.00202795356    5
0.599999999     -0.00202795356    6
0.599999999     0.00202795356    6
0.699999999     -0.00202795356    7
0.699999999     0.00202795356    7
0.799999999     -0.00202795356    8
0.799999999     0.00202795356    8
0.899999999     -0.00202795356    9
0.899999999     0.00202795356    9
0.0500000000     0.0979720464    10
0.0500000000     0.102027953    10
0.150000000     0.0979720464    11
0.150000000     0.102027953    11
0.250000000     0.0979720464    12
0.250000000     0.102027953    12
0.350000000     0.0979720464    13
0.350000000     0.102027953    13
0.450000000     0.0979720464    14
0.450000000     0.102027953    14
0.550000000     0.0979720464    15
0.550000000     0.102027953    15
0.650000000     0.0979720464    16
0.650000000     0.102027953    16
0.75     0.0979720464    17
0.75     0.102027953    17
0.849999999     0.0979720464    18
0.849999999     0.102027953    18
0.949999999     0.0979720464    19
0.949999999     0.102027953    19
0.100000000     0.197972046    20
0.100000000     0.202027953    20
0.200000000     0.197972046    21
0.200000000     0.202027953    21
0.300000000     0.197972046    22
0.300000000     0.202027953    22
0.400000000     0.197972046    23
0.400000000     0.202027953    23
0.5     0.197972046    24
0.5     0.202027953    24
0.599999999     0.197972046    25
0.599999999     0.202027953    25
0.699999999     0.197972046    26
0.699999999     0.202027953    26
0.799999999     0.197972046    27
0.799999999     0.202027953    27
0.899999999     0.197972046    28
0.899999999     0.202027953    28
0.999999999     0.197972046    29
0.999999999     0.202027953    29
0.150000000     0.297972046    30
0.150000000     0.302027953    30
0.250000000     0.297972046    31
0.250000000     0.302027953    31
0.350000000     0.297972046    32
0.350000000     0.302027953    32
0.450000000     0.297972046    33
0.450000000     0.302027953    33
0.550000000     0.297972046    34
0.550000000     0.302027953    34
0.650000000     0.297972046    35
0.650000000     0.302027953    35
0.75     0.297972046    36
0.75     0.302027953    36
0.849999999     0.297972046    37
0.849999999     0.302027953    37
0.949999999     0.297972046    38
0.949999999     0.302027953    38
1.04999999     0.297972046    39
1.04999999     0.302027953    39
0.200000000     0.397972046    40
0.200000000     0.402027953    40
0.300000000     0.397972046    41
0.300000000     0.402027953    41
0.400000000     0.397972046    42
0.400000000     0.402027953    42
0.5     0.397972046    43
0.5     0.402027953    43
0.599999999     0.397972046    44
0.599999999     0.402027953    44
0.699999999     0.397972046    45
0.699999999     0.402027953    45
0.799999999     0.397972046    46
0.799999999     0.402027953    46
0.899999999     0.397972046    47
0.899999999     0.402027953    47
0.999999999     0.397972046    48
0.999999999     0.402027953    48
1.09999999     0.397972046    49
1.09999999     0.402027953    49
0.25     0.497972046    50
0.25     0.502027953    50
0.349999999     0.497972046    51
0.349999999     0.502027953    51
0.449999999     0.497972046    52
0.449999999     0.502027953    52
0.549999999     0.497972046    53
0.549999999     0.502027953    53
0.649999999     0.497972046    54
0.649999999     0.502027953    54
0.749999999     0.497972046    55
0.749999999     0.502027953    55
0.849999999     0.497972046    56
0.849999999     0.502027953    56
0.949999999     0.497972046    57
0.949999999     0.502027953    57
1.04999999     0.497972046    58
1.04999999     0.502027953    58
1.14999999     0.497972046    59
1.14999999     0.502027953    59
0.300000000     0.597972046    60
0.300000000     0.602027953    60
0.400000000     0.597972046    61
0.400000000     0.602027953    61
0.5     0.597972046    62
0.5     0.602027953    62
0.599999999     0.597972046    63
0.599999999     0.602027953    63
0.699999999     0.597972046    64
0.699999999     0.602027953    64
0.799999999     0.597972046    65
0.799999999     0.602027953    65
0.899999999     0.597972046    66
0.899999999     0.602027953    66
0.999999999     0.597972046    67
0.999999999     0.602027953    67
1.09999999     0.597972046    68
1.09999999     0.602027953    68
1.19999999     0.597972046    69
1.19999999     0.602027953    69
0.350000000     0.697972046    70
0.350000000     0.702027953    70
0.450000000     0.697972046    71
0.450000000     0.702027953    71
0.550000000     0.697972046    72
0.550000000     0.702027953    72
0.650000000     0.697972046    73
0.650000000     0.702027953    73
0.75     0.697972046    74
0.75     0.702027953    74
0.849999999     0.697972046    75
0.849999999     0.702027953    75
0.949999999     0.697972046    76
0.949999999     0.702027953    76
1.04999999     0.697972046    77
1.04999999     0.702027953    77
1.15000000     0.697972046    78
1.15000000     0.702027953    78
1.25000000     0.697972046    79
1.25000000     0.702027953    79
0.400000000     0.797972046    80
0.400000000     0.802027953    80
0.5     0.797972046    81
0.5     0.802027953    81
0.599999999     0.797972046    82
0.599999999     0.802027953    82
0.699999999     0.797972046    83
0.699999999     0.802027953    83
0.799999999     0.797972046    84
0.799999999     0.802027953    84
0.899999999     0.797972046    85
0.899999999     0.802027953    85
0.999999999     0.797972046    86
0.999999999     0.802027953    86
1.09999999     0.797972046    87
1.09999999     0.802027953    87
1.19999999     0.797972046    88
1.19999999     0.802027953    88
1.30000000     0.797972046    89
1.30000000     0.802027953    89
0.450000000     0.897972046    90
0.450000000     0.902027953    90
0.550000000     0.897972046    91
0.550000000     0.902027953    91
0.650000000     0.897972046    92
0.650000000     0.902027953    92
0.75     0.897972046    93
0.75     0.902027953    93
0.849999999     0.897972046    94
0.849999999     0.902027953    94
0.949999999     0.897972046    95
0.949999999     0.902027953    95
1.04999999     0.897972046    96
1.04999999     0.902027953    96
1.15000000     0.897972046    97
1.15000000     0.902027953    97
1.25000000     0.897972046    98
1.25000000     0.902027953    98
1.35000000     0.897972046    99
1.35000000     0.902027953    99
