-7.68141907E-20     -0.00144853826    0
7.68141907E-20     0.00144853826    0
0.0714285714     -0.00144853826    1
0.0714285714     0.00144853826    1
0.142857142     -0.00144853826    2
0.142857142     0.00144853826    2
0.214285714     -0.00144853826    3
0.214285714     0.00144853826    3
0.285714285     -0.00144853826    4
0.285714285     0.00144853826    4
0.357142857     -0.00144853826    5
0.357142857     0.00144853826    5
0.428571428     -0.00144853826    6
0.428571428     0.00144853826    6
0.499999999     -0.00144853826    7
0.499999999     0.00144853826    7
0.571428571     -0.00144853826    8
0.571428571     0.00144853826    8
0.642857142     -0.00144853826    9
0.642857142     0.00144853826    9
0.714285714     -0.00144853826    10
0.714285714     0.00144853826    10
0.785714285     -0.00144853826    11
0.785714285     0.00144853826    11
0.857142857     -0.00144853826    12
0.857142857     0.00144853826    12
0.928571428     -0.00144853826    13
0.928571428     0.00144853826    13
0.0357142857     0.0699800331    14
0.0357142857     0.0728771096    14
0.107142857     0.0699800331    15
0.107142857     0.0728771096    15
0.178571428     0.0699800331    16
0.178571428     0.0728771096    16
0.25     0.0699800331    17
0.25     0.0728771096    17
0.321428571     0.0699800331    18
0.321428571     0.0728771096    18
0.392857142     0.0699800331    19
0.392857142     0.0728771096    19
0.464285714     0.0699800331    20
0.464285714     0.0728771096    20
0.535714285     0.0699800331    21
0.535714285     0.0728771096    21
0.607142857     0.0699800331    22
0.607142857     0.0728771096    22
0.678571428     0.0699800331    23
0.678571428     0.0728771096    23
0.749999999     0.0699800331    24
0.749999999     0.0728771096    24
0.821428571     0.0699800331    25
0.821428571     0.0728771096    25
0.892857142     0.0699800331    26
0.892857142     0.0728771096    26
0.964285714     0.0699800331    27
0.964285714     0.0728771096    27
0.0714285714     0.141408604    28
0.0714285714     0.144305681    28
0.142857142     0.141408604    29
0.142857142     0.144305681    29
0.214285714     0.141408604    30
0.214285714     0.144305681    30
0.285714285     0.141408604    31
0.285714285     0.144305681    31
0.357142857     0.141408604    32
0.357142857     0.144305681    32
0.428571428     0.141408604    33
0.428571428     0.144305681    33
0.499999999     0.141408604    34
0.499999999     0.144305681    34
0.571428571     0.141408604    35
0.571428571     0.144305681    35
0.642857142     0.141408604    36
0.642857142     0.144305681    36
0.714285714     0.141408604    37
0.714285714     0.144305681    37
0.785714285     0.141408604    38
0.785714285     0.144305681    38
0.857142857     0.141408604    39
0.857142857     0.144305681    39
0.928571428     0.141408604    40
0.928571428     0.144305681    40
1     0.141408604    41
1     0.144305681    41
0.107142857     0.212837176    42
0.107142857     0.215734252    42
0.178571428     0.212837176    43
0.178571428     0.215734252    43
0.25     0.212837176    44
0.25     0.215734252    44
0.321428571     0.212837176    45
0.321428571     0.215734252    45
0.392857142     0.212837176    46
0.392857142     0.215734252    46
0.464285714     0.212837176    47
0.464285714     0.215734252    47
0.535714285     0.212837176    48
0.535714285     0.215734252    48
0.607142857     0.212837176    49
0.607142857     0.215734252    49
0.678571428     0.212837176    50
0.678571428     0.215734252    50
0.749999999     0.212837176    51
0.749999999     0.215734252    51
0.821428571     0.212837176    52
0.821428571     0.215734252    52
0.892857142     0.212837176    53
0.892857142     0.215734252    53
0.964285714     0.212837176    54
0.964285714     0.215734252    54
1.03571428     0.212837176    55
1.03571428     0.215734252    55
0.142857142     0.284265747    56
0.142857142     0.287162823    56
0.214285714     0.284265747    57
0.214285714     0.287162823    57
0.285714285     0.284265747    58
0.285714285     0.287162823    58
0.357142857     0.284265747    59
0.357142857     0.287162823    59
0.428571428     0.284265747    60
0.428571428     0.287162823    60
0.499999999     0.284265747    61
0.499999999     0.287162823    61
0.571428571     0.284265747    62
0.571428571     0.287162823    62
0.642857142     0.284265747    63
0.642857142     0.287162823    63
0.714285714     0.284265747    64
0.714285714     0.287162823    64
0.785714285     0.284265747    65
0.785714285     0.287162823    65
0.857142857     0.284265747    66
0.857142857     0.287162823    66
0.928571428     0.284265747    67
0.928571428     0.287162823    67
1     0.284265747    68
1     0.287162823    68
1.07142857     0.284265747    69
1.07142857     0.287162823    69
0.178571428     0.355694318    70
0.178571428     0.358591395    70
0.249999999     0.355694318    71
0.249999999     0.358591395    71
0.321428571     0.355694318    72
0.321428571     0.358591395    72
0.392857142     0.355694318    73
0.392857142     0.358591395    73
0.464285714     0.355694318    74
0.464285714     0.358591395    74
0.535714285     0.355694318    75
0.535714285     0.358591395    75
0.607142857     0.355694318    76
0.607142857     0.358591395    76
0.678571428     0.355694318    77
0.678571428     0.358591395    77
0.749999999     0.355694318    78
0.749999999     0.358591395    78
0.821428571     0.355694318    79
0.821428571     0.358591395    79
0.892857142     0.355694318    80
0.892857142     0.358591395    80
0.964285714     0.355694318    81
0.964285714     0.358591395    81
1.03571428     0.355694318    82
1.03571428     0.358591395    82
1.10714285     0.355694318    83
1.10714285     0.358591395    83
0.214285714     0.427122890    84
0.214285714     0.430019966    84
0.285714285     0.427122890    85
0.285714285     0.430019966    85
0.357142857     0.427122890    86
0.357142857     0.430019966    86
0.428571428     0.427122890    87
0.428571428     0.430019966    87
0.499999999     0.427122890    88
0.499999999     0.430019966    88
0.571428571     0.427122890    89
0.571428571     0.430019966    89
0.642857142     0.427122890    90
0.642857142     0.430019966    90
0.714285714     0.427122890    91
0.714285714     0.430019966    91
0.785714285     0.427122890    92
0.785714285     0.430019966    92
0.857142857     0.427122890    93
0.857142857     0.430019966    93
0.928571428     0.427122890    94
0.928571428     0.430019966    94
1     0.427122890    95
1     0.430019966    95
1.07142857     0.427122890    96
1.07142857     0.430019966    96
1.14285714     0.427122890    97
1.14285714     0.430019966    97
0.25     0.498551461    98
0.25     0.501448538    98
0.321428571     0.498551461    99
0.321428571     0.501448538    99
0.392857142     0.498551461    100
0.392857142     0.501448538    100
0.464285714     0.498551461    101
0.464285714     0.501448538    101
0.535714285     0.498551461    102
0.535714285     0.501448538    102
0.607142857     0.498551461    103
0.607142857     0.501448538    103
0.678571428     0.498551461    104
0.678571428     0.501448538    104
0.749999999     0.498551461    105
0.749999999     0.501448538    105
0.821428571     0.498551461    106
0.821428571     0.501448538    106
0.892857142     0.498551461    107
0.892857142     0.501448538    107
0.964285714     0.498551461    108
0.964285714     0.501448538    108
1.03571428     0.498551461    109
1.03571428     0.501448538    109
1.10714285     0.498551461    110
1.10714285     0.501448538    110
1.17857142     0.498551461    111
1.17857142     0.501448538    111
0.285714285     0.569980033    112
0.285714285     0.572877109    112
0.357142857     0.569980033    113
0.357142857     0.572877109    113
0.428571428     0.569980033    114
0.428571428     0.572877109    114
0.499999999     0.569980033    115
0.499999999     0.572877109    115
0.571428571     0.569980033    116
0.571428571     0.572877109    116
0.642857142     0.569980033    117
0.642857142     0.572877109    117
0.714285714     0.569980033    118
0.714285714     0.572877109    118
0.785714285     0.569980033    119
0.785714285     0.572877109    119
0.857142857     0.569980033    120
0.857142857     0.572877109    120
0.928571428     0.569980033    121
0.928571428     0.572877109    121
1     0.569980033    122
1     0.572877109    122
1.07142857     0.569980033    123
1.07142857     0.572877109    123
1.14285714     0.569980033    124
1.14285714     0.572877109    124
1.21428571     0.569980033    125
1.21428571     0.572877109    125
0.321428571     0.641408604    126
0.321428571     0.644305681    126
0.392857142     0.641408604    127
0.392857142     0.644305681    127
0.464285714     0.641408604    128
0.464285714     0.644305681    128
0.535714285     0.641408604    129
0.535714285     0.644305681    129
0.607142857     0.641408604    130
0.607142857     0.644305681    130
0.678571428     0.641408604    131
0.678571428     0.644305681    131
0.749999999     0.641408604    132
0.749999999     0.644305681    132
0.821428571     0.641408604    133
0.821428571     0.644305681    133
0.892857142     0.641408604    134
0.892857142     0.644305681    134
0.964285714     0.641408604    135
0.964285714     0.644305681    135
1.03571428     0.641408604    136
1.03571428     0.644305681    136
1.10714285     0.641408604    137
1.10714285     0.644305681    137
1.17857142     0.641408604    138
1.17857142     0.644305681    138
1.25000000     0.641408604    139
1.25000000     0.644305681    139
0.357142857     0.712837176    140
0.357142857     0.715734252    140
0.428571428     0.712837176    141
0.428571428     0.715734252    141
0.499999999     0.712837176    142
0.499999999     0.715734252    142
0.571428571     0.712837176    143
0.571428571     0.715734252    143
0.642857142     0.712837176    144
0.642857142     0.715734252    144
0.714285714     0.712837176    145
0.714285714     0.715734252    145
0.785714285     0.712837176    146
0.785714285     0.715734252    146
0.857142857     0.712837176    147
0.857142857     0.715734252    147
0.928571428     0.712837176    148
0.928571428     0.715734252    148
1     0.712837176    149
1     0.715734252    149
1.07142857     0.712837176    150
1.07142857     0.715734252    150
1.14285714     0.712837176    151
1.14285714     0.715734252    151
1.21428571     0.712837176    152
1.21428571     0.715734252    152
1.28571428     0.712837176    153
1.28571428     0.715734252    153
0.392857142     0.784265747    154
0.392857142     0.787162823    154
0.464285714     0.784265747    155
0.464285714     0.787162823    155
0.535714285     0.784265747    156
0.535714285     0.787162823    156
0.607142857     0.784265747    157
0.607142857     0.787162823    157
0.678571428     0.784265747    158
0.678571428     0.787162823    158
0.749999999     0.784265747    159
0.749999999     0.787162823    159
0.821428571     0.784265747    160
0.821428571     0.787162823    160
0.892857142     0.784265747    161
0.892857142     0.787162823    161
0.964285714     0.784265747    162
0.964285714     0.787162823    162
1.03571428     0.784265747    163
1.03571428     0.787162823    163
1.10714285     0.784265747    164
1.10714285     0.787162823    164
1.17857142     0.784265747    165
1.17857142     0.787162823    165
1.25000000     0.784265747    166
1.25000000     0.787162823    166
1.32142857     0.784265747    167
1.32142857     0.787162823    167
0.428571428     0.855694318    168
0.428571428     0.858591395    168
0.5     0.855694318    169
0.5     0.858591395    169
0.571428571     0.855694318    170
0.571428571     0.858591395    170
0.642857142     0.855694318    171
0.642857142     0.858591395    171
0.714285714     0.855694318    172
0.714285714     0.858591395    172
0.785714285     0.855694318    173
0.785714285     0.858591395    173
0.857142857     0.855694318    174
0.857142857     0.858591395    174
0.928571428     0.855694318    175
0.928571428     0.858591395    175
1     0.855694318    176
1     0.858591395    176
1.07142857     0.855694318    177
1.07142857     0.858591395    177
1.14285714     0.855694318    178
1.14285714     0.858591395    178
1.21428571     0.855694318    179
1.21428571     0.858591395    179
1.28571428     0.855694318    180
1.28571428     0.858591395    180
1.35714285     0.855694318    181
1.35714285     0.858591395    181
0.464285714     0.927122890    182
0.464285714     0.930019966    182
0.535714285     0.927122890    183
0.535714285     0.930019966    183
0.607142857     0.927122890    184
0.607142857     0.930019966    184
0.678571428     0.927122890    185
0.678571428     0.930019966    185
0.749999999     0.927122890    186
0.749999999     0.930019966    186
0.821428571     0.927122890    187
0.821428571     0.930019966    187
0.892857142     0.927122890    188
0.892857142     0.930019966    188
0.964285714     0.927122890    189
0.964285714     0.930019966    189
1.03571428     0.927122890    190
1.03571428     0.930019966    190
1.10714285     0.927122890    191
1.10714285     0.930019966    191
1.17857142     0.927122890    192
1.17857142     0.930019966    192
1.25000000     0.927122890    193
1.25000000     0.930019966    193
1.32142857     0.927122890    194
1.32142857     0.930019966    194
1.39285714     0.927122890    195
1.39285714     0.930019966    195
