0.0149899
0.0152750
0.0155655
0.0158615
0.0161632
0.0164706
0.0167838
0.0171030
0.0174282
0.0177597
0.0180974
0.0184416
0.0187923
0.0191497
0.0195139
0.0198850
0.0202632
0.0206485
0.0210412
0.0214413
0.0218491
0.0222646
0.0226880
0.0231195
0.0235592
0.0240072
0.0244638
0.0249290
0.0254031
0.0258862
0.0263785
0.0268802
0.0273914
0.0279123
0.0284431
0.0289840
0.0295352
0.0300969
0.0306693
0.0312525
0.0318469
0.0324525
0.0330697
0.0336986
0.0343395
0.0349925
0.0356580
0.0363361
0.0370272
0.0377313
0.0384489
0.0391801
0.0399252
0.0406845
0.0414582
0.0422466
0.0430500
0.0438687
0.0447030
0.0455532
0.0464195
0.0473023
0.0482018
0.0491185
0.0500526
0.0510045
0.0519745
0.0529629
0.0539701
0.0549965
0.0560424
0.0571082
0.0581943
0.0593010
0.0604287
0.0615779
0.0627490
0.0639423
0.0651584
0.0663975
0.0676602
0.0689469
0.0702582
0.0715943
0.0729558
0.0743433
0.0757571
0.0771978
0.0786659
0.0801620
0.0816864
0.0832399
0.0848229
0.0864361
0.0880799
0.0897549
0.0914618
0.0932012
0.0949737
0.0967798
0.0986203
0.100495
0.102407
0.104354
0.106339
0.108361
0.110422
0.112522
0.114662
0.116842
0.119064
0.121329
0.123636
0.125987
0.128383
0.130825
0.133313
0.135848
0.138431
0.141064
0.143747
0.146481
0.149266
0.152105
0.154998
0.157945
0.160949
0.164010
0.167129
0.170307
0.173546
0.176847
0.180210
0.183637
0.187129
0.190688
0.194314
0.198010
0.201775
0.205613
0.209523
0.213508
0.217568
0.221706
0.225922
0.230218
0.234597
0.239058
0.243604
0.248237
0.252958
0.257769
0.262671
0.267666
0.272756
0.277944
0.283229
0.288616
0.294105
0.299698
0.305397
0.311205
0.317123
0.323154
0.329300
0.335562
0.341944
0.348447
0.355074
0.361826
0.368707
0.375719
0.382864
0.390146
0.397565
0.405126
0.412830
0.420681
0.428682
0.436834
0.445142
0.453607
0.462234
0.471024
0.479982
0.489110
0.498412
0.507890
0.517549
0.527392
0.537421
0.547642
0.558057
0.568669
0.579484
0.590505
0.601734
0.613178
0.624839
0.636722
0.648831
0.661170
0.673744
0.686557
0.699613
0.712918
0.726476
0.740292
0.754371
0.768717
0.783336
0.798233
0.813414
0.828883
0.844646
0.860709
0.877078
0.893757
0.910755
0.928075
0.945725
0.963710
0.982037
1.00071
1.01974
1.03913
1.05889
1.07903
1.09955
1.12046
1.14177
1.16349
1.18561
1.20816
1.23114
1.25455
1.27841
1.30272
1.32750
1.35274
1.37847
1.40468
1.43140
1.45862
1.48636
1.51462
1.54343
1.57278
1.60269
1.63317
1.66423
1.69588
1.72813
1.76099
1.81846
1.87781
1.93909
2.00236
2.06771
2.13519
2.20486
2.27682
2.35112
2.42784
2.50707
2.58889
2.67337
2.76061
2.85070
2.94373
3.03980
3.13900
