0.0000250000
0.0000254931
0.0000259959
0.0000265086
0.0000270315
0.0000275647
0.0000281084
0.0000286628
0.0000292281
0.0000298046
0.0000303925
0.0000309920
0.0000316033
0.0000322266
0.0000328623
0.0000335104
0.0000341714
0.0000348454
0.0000355327
0.0000362336
0.0000369482
0.0000376770
0.0000384202
0.0000391780
0.0000399507
0.0000407387
0.0000415423
0.0000423617
0.0000431972
0.0000440492
0.0000449181
0.0000458040
0.0000467075
0.0000476288
0.0000485682
0.0000495262
0.0000505030
0.0000514992
0.0000525149
0.0000535508
0.0000546070
0.0000556841
0.0000567824
0.0000579024
0.0000590445
0.0000602091
0.0000613967
0.0000626077
0.0000638425
0.0000651018
0.0000663859
0.0000676953
0.0000690305
0.0000703921
0.0000717805
0.0000731963
0.0000746401
0.0000761123
0.0000776135
0.0000791444
0.0000807055
0.0000822973
0.0000839206
0.0000855758
0.0000872637
0.0000889849
0.0000907401
0.0000925299
0.0000943550
0.0000962160
0.0000981138
0.000100049
0.000102022
0.000104034
0.000106086
0.000108179
0.000110312
0.000112488
0.000114707
0.000116970
0.000119277
0.000121629
0.000124028
0.000126475
0.000128969
0.000131513
0.000134107
0.000136752
0.000139450
0.000142200
0.000145005
0.000147865
0.000150782
0.000153756
0.000156789
0.000159881
0.000163035
0.000166250
0.000169529
0.000172873
0.000176283
0.000179760
0.000183306
0.000186921
0.000190608
0.000194368
0.000198202
0.000202111
0.000206097
0.000210163
0.000214308
0.000218535
0.000222845
0.000227241
0.000231723
0.000236294
0.000240954
0.000245707
0.000250553
0.000255495
0.000260535
0.000265674
0.000270914
0.000276257
0.000281706
0.000287263
0.000292929
0.000298706
0.000304598
0.000310606
0.000316733
0.000322980
0.000329350
0.000335847
0.000342471
0.000349226
0.000356114
0.000363138
0.000370301
0.000377605
0.000385053
0.000392648
0.000400392
0.000408290
0.000416343
0.000424555
0.000432929
0.000441468
0.000450176
0.000459055
0.000468110
0.000477343
0.000486758
0.000496359
0.000506149
0.000516132
0.000526313
0.000536694
0.000547280
0.000558074
0.000569082
0.000580307
0.000591753
0.000603424
0.000615327
0.000627463
0.000639840
0.000652460
0.000665329
0.000678452
0.000691834
0.000705480
0.000719395
0.000733585
0.000748054
0.000762809
0.000777854
0.000793197
0.000808842
0.000824796
0.000841064
0.000857654
0.000874570
0.000891820
0.000909411
0.000927348
0.000945640
0.000964291
0.000983311
0.00100270
0.00102248
0.00104265
0.00106321
0.00108418
0.00110557
0.00112737
0.00114961
0.00117229
0.00119541
0.00121899
0.00124303
0.00126755
0.00129255
0.00131805
0.00134404
0.00137055
0.00139759
0.00142515
0.00145326
0.00148193
0.00151116
0.00154096
0.00157136
0.00160235
0.00163396
0.00166619
0.00169905
0.00173256
0.00176674
0.00180158
0.00183712
0.00187335
0.00191030
0.00194798
0.00198641
0.00202559
0.00206554
0.00210628
0.00214783
0.00219019
0.00223339
0.00227744
0.00232236
0.00236817
0.00241488
0.00246251
0.00251108
0.00256061
0.00261112
0.00266262
0.00271514
0.00276869
0.00282330
0.00287899
0.00293578
0.00299368
0.00305273
0.00311294
0.00317434
0.00323695
0.00330080
0.00336591
0.00343230
0.00349999
0.00349999
0.00349999
0.00349999
0.00349999
0.00349999
0.00349999
0.00349999
0.00349999
0.00349999
0.00349999
0.00349999
0.00349999
0.00349999
0.00349999
0.00349999
0.00349999
0.00349999
0.00349999
