7.49899E-9
7.77055E-9
8.05194E-9
8.34352E-9
8.64566E-9
8.95874E-9
9.28316E-9
9.61933E-9
9.96766E-9
1.03286E-8
1.07026E-8
1.10902E-8
1.14918E-8
1.19079E-8
1.23391E-8
1.27860E-8
1.32490E-8
1.37288E-8
1.42259E-8
1.47411E-8
1.52749E-8
1.58280E-8
1.64012E-8
1.69951E-8
1.76106E-8
1.82483E-8
1.89091E-8
1.95938E-8
2.03034E-8
2.10386E-8
2.18005E-8
2.25899E-8
2.34080E-8
2.42556E-8
2.51340E-8
2.60441E-8
2.69873E-8
2.79645E-8
2.89772E-8
3.00265E-8
3.11139E-8
3.22406E-8
3.34081E-8
3.46179E-8
3.58715E-8
3.71705E-8
3.85165E-8
3.99113E-8
4.13566E-8
4.28542E-8
4.44061E-8
4.60141E-8
4.76804E-8
4.94070E-8
5.11962E-8
5.30501E-8
5.49712E-8
5.69618E-8
5.90245E-8
6.11620E-8
6.33768E-8
6.56718E-8
6.80499E-8
7.05142E-8
7.30677E-8
7.57136E-8
7.84554E-8
8.12965E-8
8.42404E-8
8.72910E-8
9.04520E-8
9.37275E-8
9.71216E-8
1.00638E-7
1.04283E-7
1.08059E-7
1.11972E-7
1.16027E-7
1.20228E-7
1.24582E-7
1.29094E-7
1.33768E-7
1.38612E-7
1.43632E-7
1.48833E-7
1.54223E-7
1.59808E-7
1.65595E-7
1.71591E-7
1.77805E-7
1.84244E-7
1.90916E-7
1.97829E-7
2.04993E-7
2.12416E-7
2.20109E-7
2.28079E-7
2.36339E-7
2.44897E-7
2.53765E-7
2.62955E-7
2.72477E-7
2.82344E-7
2.92569E-7
3.03163E-7
3.14141E-7
3.25517E-7
3.37305E-7
3.49520E-7
3.62177E-7
3.75292E-7
3.88882E-7
4.02965E-7
4.17557E-7
4.32678E-7
4.48346E-7
4.64582E-7
4.81405E-7
4.98838E-7
5.16902E-7
5.35621E-7
5.55017E-7
5.75115E-7
5.95942E-7
6.17522E-7
6.39884E-7
6.63056E-7
6.87067E-7
7.11947E-7
7.37728E-7
7.64443E-7
7.92126E-7
8.20810E-7
8.50534E-7
8.81334E-7
9.13249E-7
9.46320E-7
9.80589E-7
0.00000101609
0.00000105289
0.00000109102
0.00000113053
0.00000117146
0.00000121389
0.00000125784
0.00000130339
0.00000135059
0.00000139950
0.00000145018
0.00000150270
0.00000155711
0.00000161350
0.00000167193
0.00000173247
0.00000179521
0.00000186022
0.00000192758
0.00000199738
0.00000206971
0.00000214466
0.00000222233
0.00000230280
0.00000238619
0.00000247260
0.00000256214
0.00000265493
0.00000275107
0.00000285069
0.00000295392
0.00000306089
0.00000317173
0.00000328659
0.00000340560
0.00000352893
0.00000365672
0.00000378914
0.00000392635
0.00000406853
0.00000421587
0.00000436853
0.00000452673
0.00000469065
0.00000486051
0.00000503652
0.00000521891
0.00000540790
0.00000560373
0.00000580665
0.00000601693
0.00000623482
0.00000646059
0.00000669455
0.00000693697
0.00000718818
0.00000744848
0.00000771821
0.00000799770
0.00000828732
0.00000858742
0.00000889839
0.00000922063
0.00000955453
0.00000990052
0.0000102590
0.0000106305
0.0000110155
0.0000114144
0.0000118277
0.0000122560
0.0000126998
0.0000131597
0.0000136363
0.0000141301
0.0000146418
0.0000151720
0.0000157214
0.0000162907
0.0000168806
0.0000174919
0.0000181253
0.0000187817
0.0000194618
0.0000201666
0.0000208969
0.0000216536
0.0000224377
0.0000232503
0.0000240922
0.0000249647
0.0000258687
0.0000268055
0.0000277762
0.0000287820
0.0000298243
0.0000309043
0.0000320234
0.0000331830
0.0000343847
0.0000356298
0.0000369201
0.0000382571
0.0000396424
0.0000410780
0.0000425655
0.0000441069
0.0000457041
0.0000473592
0.0000490742
0.0000508513
0.0000526927
0.0000546009
0.0000565781
0.0000586269
0.0000607500
0.0000631031
0.0000655473
0.0000680862
0.0000707235
0.0000734629
0.0000763085
0.0000792642
0.0000823345
0.0000855236
0.0000888363
0.0000922773
0.0000958516
0.0000995644
0.000103420
0.000107426
0.000111588
0.000115910
0.000120400
