0.0000250000
0.0000254599
0.0000259283
0.0000264053
0.0000268911
0.0000273859
0.0000278897
0.0000284028
0.0000289254
0.0000294575
0.0000299995
0.0000305514
0.0000311135
0.0000316859
0.0000322689
0.0000328625
0.0000334671
0.0000340829
0.0000347099
0.0000353485
0.0000359988
0.0000366611
0.0000373356
0.0000380225
0.0000387220
0.0000394345
0.0000401600
0.0000408988
0.0000416513
0.0000424176
0.0000431979
0.0000439927
0.0000448021
0.0000456263
0.0000464658
0.0000473206
0.0000481912
0.0000490778
0.0000499808
0.0000509003
0.0000518367
0.0000527904
0.0000537617
0.0000547508
0.0000557580
0.0000567839
0.0000578286
0.0000588925
0.0000599760
0.0000610794
0.0000622031
0.0000633475
0.0000645130
0.0000656999
0.0000669086
0.0000681396
0.0000693932
0.0000706699
0.0000719701
0.0000732942
0.0000746426
0.0000760159
0.0000774144
0.0000788387
0.0000802891
0.0000817663
0.0000832706
0.0000848026
0.0000863628
0.0000879517
0.0000895698
0.0000912177
0.0000928959
0.0000946050
0.0000963455
0.0000981180
0.0000999232
0.000101761
0.000103633
0.000105540
0.000107482
0.000109459
0.000111473
0.000113524
0.000115612
0.000117739
0.000119906
0.000122112
0.000124358
0.000126646
0.000128976
0.000131349
0.000133765
0.000136226
0.000138733
0.000141285
0.000143885
0.000146532
0.000149228
0.000151973
0.000154769
0.000157616
0.000160516
0.000163469
0.000166477
0.000169540
0.000172659
0.000175835
0.000179070
0.000182365
0.000185720
0.000189137
0.000192617
0.000196160
0.000199769
0.000203445
0.000207188
0.000210999
0.000214881
0.000218835
0.000222861
0.000226961
0.000231136
0.000235389
0.000239719
0.000244130
0.000248621
0.000253195
0.000257854
0.000262598
0.000267429
0.000272349
0.000277360
0.000282462
0.000287659
0.000292951
0.000298341
0.000303830
0.000309420
0.000315112
0.000320910
0.000326814
0.000332826
0.000338950
0.000345186
0.000351536
0.000358004
0.000364590
0.000371298
0.000378129
0.000385086
0.000392171
0.000399386
0.000406733
0.000414216
0.000421837
0.000429598
0.000437502
0.000445551
0.000453748
0.000462096
0.000470597
0.000479255
0.000488073
0.000497052
0.000506197
0.000515510
0.000524994
0.000534653
0.000544489
0.000554507
0.000564708
0.000575098
0.000585678
0.000596453
0.000607427
0.000618602
0.000629983
0.000641573
0.000653377
0.000665398
0.000677640
0.000690107
0.000702803
0.000715733
0.000728901
0.000742311
0.000755968
0.000769876
0.000784040
0.000798465
0.000813155
0.000828115
0.000843351
0.000858867
0.000874668
0.000890760
0.000907148
0.000923837
0.000940834
0.000958143
0.000975771
0.000993723
0.00101200
0.00103062
0.00104958
0.00106889
0.00108856
0.00110858
0.00112898
0.00114975
0.00117090
0.00119244
0.00121438
0.00123673
0.00125948
0.00128265
0.00130625
0.00133028
0.00135475
0.00137968
0.00140506
0.00143091
0.00145724
0.00148405
0.00151135
0.00153916
0.00156747
0.00159631
0.00162568
0.00165559
0.00168605
0.00171707
0.00174866
0.00178083
0.00181360
0.00184696
0.00188094
0.00191555
0.00195079
0.00198668
0.00202323
0.00206045
0.00209836
0.00213697
0.00217628
0.00221632
0.00225710
0.00229862
0.00234091
0.00238398
0.00242784
0.00247251
0.00251800
0.00256526
0.00261340
0.00266245
0.00271243
0.00276334
0.00281520
0.00286804
0.00292187
0.00297671
0.00303258
0.00308950
0.00314749
0.00320656
0.00326675
0.00332806
0.00339053
0.00345416
0.00351899
