0.0000250000
0.0000254592
0.0000259268
0.0000264031
0.0000268881
0.0000273820
0.0000278850
0.0000283972
0.0000289188
0.0000294500
0.0000299910
0.0000305419
0.0000311029
0.0000316742
0.0000322561
0.0000328486
0.0000334520
0.0000340664
0.0000346922
0.0000353295
0.0000359784
0.0000366393
0.0000373123
0.0000379977
0.0000386957
0.0000394065
0.0000401304
0.0000408675
0.0000416182
0.0000423827
0.0000431612
0.0000439540
0.0000447614
0.0000455837
0.0000464210
0.0000472737
0.0000481420
0.0000490264
0.0000499269
0.0000508440
0.0000517780
0.0000527291
0.0000536977
0.0000546840
0.0000556885
0.0000567115
0.0000577532
0.0000588141
0.0000598944
0.0000609946
0.0000621150
0.0000632560
0.0000644179
0.0000656012
0.0000668063
0.0000680334
0.0000692831
0.0000705558
0.0000718518
0.0000731717
0.0000745157
0.0000758845
0.0000772784
0.0000786980
0.0000801436
0.0000816157
0.0000831149
0.0000846416
0.0000861964
0.0000877797
0.0000893922
0.0000910342
0.0000927064
0.0000944093
0.0000961435
0.0000979096
0.0000997081
0.000101539
0.000103404
0.000105304
0.000107238
0.000109208
0.000111214
0.000113257
0.000115337
0.000117456
0.000119613
0.000121811
0.000124048
0.000126327
0.000128647
0.000131010
0.000133417
0.000135868
0.000138363
0.000140905
0.000143493
0.000146129
0.000148813
0.000151547
0.000154331
0.000157166
0.000160053
0.000162993
0.000165987
0.000169036
0.000172141
0.000175303
0.000178523
0.000181802
0.000185142
0.000188542
0.000192006
0.000195533
0.000199124
0.000202782
0.000206507
0.000210300
0.000214163
0.000218097
0.000222104
0.000226183
0.000230338
0.000234569
0.000238878
0.000243266
0.000247735
0.000252285
0.000256919
0.000261639
0.000266445
0.000271339
0.000276323
0.000281399
0.000286568
0.000291832
0.000297193
0.000302652
0.000308211
0.000313873
0.000319638
0.000325510
0.000331489
0.000337578
0.000343779
0.000350094
0.000356525
0.000363074
0.000369743
0.000376535
0.000383451
0.000390495
0.000397668
0.000404973
0.000412412
0.000419987
0.000427702
0.000435558
0.000443559
0.000451707
0.000460004
0.000468454
0.000477059
0.000485822
0.000494746
0.000503834
0.000513089
0.000522514
0.000532112
0.000541886
0.000551840
0.000561977
0.000572300
0.000582812
0.000593518
0.000604420
0.000615523
0.000626829
0.000638343
0.000650069
0.000662010
0.000674170
0.000686554
0.000699166
0.000712008
0.000725087
0.000738406
0.000751970
0.000765783
0.000779850
0.000794175
0.000808763
0.000823619
0.000838748
0.000854155
0.000869845
0.000885823
0.000902094
0.000918665
0.000935540
0.000952725
0.000970225
0.000988047
0.00100619
0.00102467
0.00104350
0.00106267
0.00108219
0.00110206
0.00112231
0.00114292
0.00116392
0.00118530
0.00120707
0.00122924
0.00125182
0.00127482
0.00129824
0.00132208
0.00134637
0.00137110
0.00139628
0.00142193
0.00144805
0.00147465
0.00150174
0.00152933
0.00155742
0.00158603
0.00161516
0.00164483
0.00167504
0.00170581
0.00173714
0.00176905
0.00180155
0.00183464
0.00186834
0.00190266
0.00193761
0.00197320
0.00200945
0.00204636
0.00208395
0.00212223
0.00216121
0.00220091
0.00224134
0.00228251
0.00232444
0.00236714
0.00241062
0.00245490
0.00249999
0.00254717
0.00259523
0.00264420
0.00269409
0.00274492
0.00279672
0.00284949
0.00290325
0.00295803
0.00301385
0.00307072
0.00312866
0.00318769
0.00324784
0.00330912
0.00337156
0.00343518
0.00350000
