1.00E-09
1.04E-09
1.08E-09
1.12E-09
1.16E-09
1.20E-09
1.25E-09
1.29E-09
1.34E-09
1.39E-09
1.44E-09
1.49E-09
1.55E-09
1.61E-09
1.67E-09
1.73E-09
1.79E-09
1.86E-09
1.93E-09
2.00E-09
2.08E-09
2.15E-09
2.23E-09
2.32E-09
2.40E-09
2.49E-09
2.59E-09
2.68E-09
2.78E-09
2.89E-09
2.99E-09
3.10E-09
3.22E-09
3.34E-09
3.46E-09
3.59E-09
3.73E-09
3.87E-09
4.01E-09
4.16E-09
4.31E-09
4.47E-09
4.64E-09
4.81E-09
4.99E-09
5.18E-09
5.37E-09
5.57E-09
5.78E-09
5.99E-09
6.22E-09
6.45E-09
6.69E-09
6.94E-09
7.20E-09
7.46E-09
7.74E-09
8.03E-09
8.33E-09
8.64E-09
8.96E-09
9.29E-09
9.64E-09
1.00E-08
1.04E-08
1.08E-08
1.12E-08
1.16E-08
1.20E-08
1.24E-08
1.29E-08
1.34E-08
1.39E-08
1.44E-08
1.49E-08
1.55E-08
1.61E-08
1.67E-08
1.73E-08
1.79E-08
1.86E-08
1.93E-08
2.00E-08
2.08E-08
2.15E-08
2.23E-08
2.32E-08
2.40E-08
2.49E-08
2.59E-08
2.68E-08
2.78E-08
2.88E-08
2.99E-08
3.10E-08
3.22E-08
3.34E-08
3.46E-08
3.59E-08
3.73E-08
3.86E-08
4.01E-08
4.16E-08
4.31E-08
4.47E-08
4.64E-08
4.81E-08
4.99E-08
5.18E-08
5.37E-08
5.57E-08
5.78E-08
5.99E-08
6.21E-08
6.45E-08
6.69E-08
6.93E-08
7.19E-08
7.46E-08
7.74E-08
8.03E-08
8.33E-08
8.63E-08
8.96E-08
9.29E-08
9.64E-08
9.99E-08
1.04E-07
1.08E-07
1.12E-07
1.16E-07
1.20E-07
1.24E-07
1.29E-07
1.34E-07
1.39E-07
1.44E-07
1.49E-07
1.55E-07
1.61E-07
1.67E-07
1.73E-07
1.79E-07
1.86E-07
1.93E-07
2.00E-07
2.08E-07
2.15E-07
2.23E-07
2.32E-07
2.40E-07
2.49E-07
2.58E-07
2.68E-07
2.78E-07
2.88E-07
2.99E-07
3.10E-07
3.22E-07
3.34E-07
3.46E-07
3.59E-07
3.72E-07
3.86E-07
4.01E-07
4.16E-07
4.31E-07
4.47E-07
4.64E-07
4.81E-07
4.99E-07
5.18E-07
5.37E-07
5.57E-07
5.77E-07
5.99E-07
6.21E-07
6.44E-07
6.68E-07
6.93E-07
7.19E-07
7.46E-07
7.74E-07
8.02E-07
8.32E-07
8.63E-07
8.95E-07
9.29E-07
9.63E-07
9.99E-07
1.04E-06
1.07E-06
1.11E-06
1.16E-06
1.20E-06
1.24E-06
1.29E-06
1.34E-06
1.39E-06
1.44E-06
1.49E-06
1.55E-06
1.61E-06
1.67E-06
1.73E-06
1.79E-06
1.86E-06
1.93E-06
2.00E-06
2.08E-06
2.15E-06
2.23E-06
2.32E-06
2.40E-06
2.49E-06
2.58E-06
2.68E-06
2.78E-06
2.88E-06
2.99E-06
3.10E-06
3.22E-06
3.34E-06
3.46E-06
3.59E-06
3.72E-06
3.86E-06
4.01E-06
4.16E-06
4.31E-06
4.47E-06
4.64E-06
4.81E-06
4.99E-06
5.17E-06
5.37E-06
5.57E-06
5.77E-06
5.99E-06
6.21E-06
6.44E-06
6.68E-06
6.93E-06
7.19E-06
7.46E-06
7.73E-06
8.02E-06
8.32E-06
8.63E-06
8.95E-06
9.28E-06
9.63E-06
9.99E-06
1.04E-05
1.07E-05
1.11E-05
1.16E-05
1.20E-05
1.24E-05
1.29E-05
1.34E-05
1.39E-05
1.44E-05
1.49E-05
1.55E-05
1.61E-05
1.67E-05
1.73E-05
1.79E-05
1.86E-05
1.93E-05
2.00E-05
